20.179471
20.343830
20.146617
20.145360
20.136465
20.359398
20.285160
20.090661
20.134528
20.094334
20.465722
20.155528
20.141289
20.139230
20.142065
20.504944
20.462697
20.243569
20.143743
20.130212
20.280148
20.468187
20.150349
20.139230
20.139017
20.462297
20.139037
20.162275
20.144793
20.141498
20.096596
20.094517
20.095505
20.093189
20.091962
20.117893
20.248139
20.200367
20.068034
20.488706
20.469015
20.094351
20.166785
20.144543
20.460966
20.146476
20.226474
20.365668
20.189596
20.464817
20.157857
20.162959
20.338168
20.464530
20.505619
20.214408
20.443165
20.129504
20.132031
20.143680
20.125558
20.459746
20.243370
20.466122
20.246372
20.131224
20.338233
20.140483
20.222507
20.101761
20.157045
20.402974
20.156287
20.183426
20.154174
20.157013
20.450303
20.103089
20.157351
20.158409
20.275600
20.137031
20.145586
20.138802
20.156355
20.145817
20.095806
20.192585
20.093733
20.174207
20.154763
20.160809
20.162711
20.083659
20.295989
20.156132
20.162823
20.110528
20.469179
20.461613
20.463182
20.177647
20.148305
20.161208
20.153382
20.345922
20.191861
20.115029
20.465812
20.468646
20.091709
20.091429
20.153711
20.163171
20.464572
20.143825
20.224537
20.113162
20.080171
20.460841
20.127253
20.152633
20.143969
20.156714
20.332189
20.142658
20.166382
20.117009
20.340810
20.362850
20.223397
20.155784
20.098973
20.478592
20.145055
20.093487
20.094276
20.058932
20.092618
20.095998
20.132792
20.221523
20.133172
20.462180
20.168565
20.131609
20.393488
20.136265
20.251373
20.146931
20.094732
20.135899
20.462366
20.268483
20.146946
20.079997
20.131462
20.126862
20.463549
20.155134
20.079296
20.466496
20.158626
20.361815
20.463173
20.409783
20.367864
20.232322
20.257531
20.163349
20.093922
20.417249
20.252660
20.156959
20.144733
20.143245
20.465087
20.092202
20.461463
20.318614
20.142512
20.299813
20.094802
20.462804
20.464764
20.099708
20.510720
20.279332
20.150044
20.468244
20.136180
20.156583
20.294944
20.415902
20.407288
20.182568
20.088368
20.156476
20.102905
20.129841
20.081394
20.151452
20.167394
20.346913
20.460890
20.083381
20.160571
20.118290
20.470269
20.104042
20.140378
20.177528
20.099571
20.462120
20.465896
20.082469
20.089899
20.081829
20.444656
20.197932
20.133552
20.064612
20.210611
20.144649
20.465976
20.137484
20.080595
20.166418
20.228068
20.143817
20.131227
20.453731
20.315134
20.272399
20.223013
20.145808
20.399694
20.206026
20.151056
20.064078
20.057271
20.093478
20.095023
20.092204
20.276181
20.135603
20.366229
20.154993
20.220201
20.182565
20.126981
20.130706
20.312733
20.226300
20.153336
20.128017
20.361151
20.218735
20.152062
20.378843
20.142093
20.320924
20.144026
20.311275
20.130958
20.141232
20.129620
20.124537
20.167022
20.160407
20.132058
20.466609
20.129202
20.156897
20.144281
20.136050
20.157698
20.091162
20.145592
20.333959
20.133710
20.148679
20.091088
20.159290
20.466729
20.251593
20.057140
20.038077
20.487641
20.506095
20.467915
20.156754
20.130435
20.209332
20.118851
20.092035
20.120222
20.137093
20.450373
20.191084
20.085753
20.095710
20.145614
20.325084
20.218708
20.208587
20.465880
20.148492
20.435239
20.465095
20.406297
20.143465
20.145826
20.161380
20.150054
20.384817
20.151137
20.139011
20.145646
20.151293
20.165373
20.200577
20.081570
20.082099
20.068291
20.135984
20.142406
20.358757
20.176811
20.121200
20.096376
20.330815
20.469546
20.136091
20.090531
20.464374
20.422730
20.463952
20.258759
20.134848
20.472441
20.338061
20.281849
20.115034
20.094958
20.098095
20.094238
20.092597
20.096416
20.093949
20.254350
20.152970
20.104719
20.227502
20.306914
20.135497
20.151288
20.127735
20.171236
20.092307
20.467299
20.465114
20.165034
20.260240
20.091184
20.462952
20.463588
20.128960
20.079469
20.398556
20.464179
20.090198
20.149611
20.165129
20.091412
20.367571
20.364745
20.139413
20.234422
20.143948
20.351070
20.138967
20.146107
20.151634
20.154304
20.144179
20.458545
20.157894
20.135220
20.264486
20.178673
20.182296
20.360163
20.166519
20.273404
20.173815
20.096850
20.423762
20.273593
20.083682
20.086589
20.098645
20.173527
20.154087
20.118330
20.164213
20.388204
20.227847
20.147021
20.151541
20.087708
20.450665
20.477023
20.148883
20.123338
20.078067
20.085851
20.467642
20.095837
20.089890
20.166309
20.474718
20.258513
20.142861
20.132806
20.467500
20.163281
20.318762
20.085209
20.086399
20.467594
20.469340
20.471598
20.125616
20.144269
20.471433
20.465361
20.173081
20.100633
20.149566
20.464912
20.466690
20.085326
20.119659
20.362541
20.279877
20.099043
20.090365
20.116589
20.141255
20.099072
20.091887
20.093466
20.091410
20.058558
20.277770
20.027438
20.063458
20.486787
20.469014
20.469170
20.162855
20.161395
20.348985
20.463037
20.296693
20.089149
20.144661
20.467114
20.211038
20.141317
20.148933
20.165446
20.462427
20.134860
20.136217
20.165010
20.160660
20.253565
20.158353
20.515637
20.163833
20.144876
20.242638
20.099490
20.482092
20.433741
20.470666
20.143885
20.165739
20.458926
20.168656
20.469713
20.123317
20.155349
